14 93 9
53 69 60
2 19 100
84 100 5
59 90 92
63 83 39
97 97 30
64 92 47
85 88 13
83 92 80
13 49 62
56 71 75
23 100 77
84 100 14
86 90 76
29 83 96
30 95 87
77 83 14
11 31 78
4 84 100
66 82 59
29 57 53
28 29 42
23 41 49
43 65 7
74 75 34
7 63 26
5 10 69
64 85 79
23 29 44
86 95 93
93 101 61
17 86 100
51 68 76
77 84 74
43 96 84
12 46 94
67 91 91
81 81 17
13 31 12
75 98 25
49 99 51
100 101 50
19 101 37
90 98 84
60 65 4
82 93 49
12 33 96
51 57 41
17 50 2
86 101 64
30 98 72
45 87 30
26 30 54
49 57 32
63 89 67
83 86 38
77 98 26
41 93 34
64 101 30
1 5 37
54 56 50
4 100 99
16 30 19
33 41 34
64 68 100
52 94 12
4 91 58
46 98 64
25 70 19
83 99 64
39 55 65
34 52 68
52 65 1
32 72 22
35 80 88
42 98 100
83 99 15
91 92 37
64 75 69
63 80 90
68 85 89
8 78 3
83 91 20
30 49 56
2 77 12
55 82 71
21 53 2
99 99 66
4 92 8
28 52 51
74 100 7
95 95 43
14 28 67
3 34 32
72 85 14
93 98 52
80 96 91
31 67 34
39 46 66